<?xml version="1.0"?>
<opencv_storage>
<calibration_time>"Tue 07 Aug 2018 11:38:23 PM PDT"</calibration_time>
<nr_of_frames>30</nr_of_frames>
<image_width>640</image_width>
<image_height>480</image_height>
<board_width>7</board_width>
<board_height>7</board_height>
<square_size>50.</square_size>
<fix_aspect_ratio>1.</fix_aspect_ratio>
<!-- flags: +fix_aspectRatio +fix_principal_point +zero_tangent_dist -->
<flags>14</flags>
<fisheye_model>0</fisheye_model>
<camera_matrix type_id="opencv-matrix">
  <rows>3</rows>
  <cols>3</cols>
  <dt>d</dt>
  <data>
    2.3364878280783012e+02 0. 320. 0. 2.3364878280783012e+02 240. 0. 0.
    1.</data></camera_matrix>
<distortion_coefficients type_id="opencv-matrix">
  <rows>5</rows>
  <cols>1</cols>
  <dt>d</dt>
  <data>
    -3.2744234915043041e-01 1.2814373355931657e-01 0. 0.
    -2.3875747722772012e-02</data></distortion_coefficients>
<avg_reprojection_error>9.5724962698024008e-01</avg_reprojection_error>
<per_view_reprojection_errors type_id="opencv-matrix">
  <rows>30</rows>
  <cols>1</cols>
  <dt>f</dt>
  <data>
    2.40110493e+00 1.01841903e+00 9.91787612e-01 9.58292902e-01
    8.79775882e-01 9.43031669e-01 8.32056940e-01 8.16866636e-01
    8.46250951e-01 7.88563132e-01 9.23068047e-01 1.45410287e+00
    6.97886527e-01 3.26923043e-01 3.35812539e-01 3.80257159e-01
    9.86003518e-01 1.84726906e+00 6.03110969e-01 6.53347611e-01
    6.38369203e-01 6.38629138e-01 6.47916794e-01 7.04597592e-01
    7.02680647e-01 7.42421389e-01 8.13712418e-01 7.88854420e-01
    8.42527449e-01 8.12815428e-01</data></per_view_reprojection_errors>
<!-- a set of 6-tuples (rotation vector + translation vector) for each view -->
<extrinsic_parameters type_id="opencv-matrix">
  <rows>30</rows>
  <cols>6</cols>
  <dt>d</dt>
  <data>
    -8.5612832470905956e-03 -9.1978043603487838e-02
    1.4855064935392468e+00 3.5111056662681221e+01
    -1.6698584593678723e+02 2.2449250914032686e+02
    1.5093862015979767e-02 8.6880384359711349e-02 1.4389569062854148e+00
    2.0439657906852796e+02 -1.6019152177527997e+02
    3.7761496729650065e+02 6.6644515418440825e-02 1.6334091475024670e-01
    1.4339540920180123e+00 2.2607141356848152e+02
    -1.6728695520577580e+02 3.9061232200363435e+02
    -1.7122199571770601e-03 8.4183574046628254e-02
    -8.6292580113110709e-02 -1.8229598591048943e+02
    -1.5216239825317049e+02 4.0417596655872006e+02
    5.5471801842472013e-03 7.3292478227398122e-02
    -3.2678348768353113e-02 -1.7034988542465467e+02
    -1.6947960130838408e+02 4.0048343385219925e+02
    6.4135757797158160e-02 6.0026780893137996e-02 1.5229828440737931e+00
    1.3369139365211515e+02 -1.8027194426290995e+02
    3.8470992981250532e+02 -3.9685907209474944e-02
    8.8536956326091418e-02 -7.1003493501702958e-02
    -1.7206482195090149e+02 -1.4604464388615494e+02
    4.3265046718950236e+02 2.7384928812218184e-01 3.9885717559194199e-02
    1.3834863237919193e+00 1.2476212814651194e+02
    -2.7437085811218407e+02 3.2584478242576773e+02
    2.7555583004223611e-01 4.6663344453054957e-02 1.3514492491897494e+00
    9.3863761101048439e+01 -2.8165408936075312e+02
    3.1644460891426888e+02 2.3007844164870417e-01 6.1966258683138632e-02
    1.3969396933678593e+00 1.0009137229647220e+02
    -2.6136905334266072e+02 3.3025269806370756e+02
    2.6109937239994568e-01 5.4596456169449706e-02 1.4098853897593151e+00
    1.3024086752462119e+02 -2.7884371601429160e+02
    3.1558929941945081e+02 4.1542722842572100e-02
    -1.1626200670991305e-01 1.5239528467521024e+00
    5.0077230563687642e+01 -2.4076634536944627e+02
    3.3331608483874169e+02 3.1281933840506128e-02 3.9217775869769676e-02
    1.5271928133352073e+00 1.5462589696718010e+02
    -1.7767075183174177e+02 4.3406463257796219e+02
    2.5519096023902909e-02 2.6871467748744542e-03
    -1.7529110358118216e-02 -1.7162736894655467e+02
    -2.1046922640586303e+02 6.6569537022603470e+02
    1.9559468026692402e-02 -6.1941411513858667e-03
    1.5227856188421143e+00 1.2021432233723093e+02
    -2.2036011325206456e+02 6.9490709084638627e+02
    2.6604126656192630e-02 2.0064984442538761e-03
    -6.9976779864033348e-02 -1.9711764619119805e+02
    -2.0853392845904713e+02 6.5540227571500725e+02
    5.0420730014114915e-02 6.7873801599000550e-03 1.4801812480242569e+00
    -4.3205921184723614e+01 -2.0749731500145032e+02
    3.8012840751172268e+02 -2.6368774630130258e-02
    6.9462364234979396e-02 1.6859333691698591e-02
    -5.7762332537929638e+01 -1.9123404923815755e+02
    4.4358535397477834e+02 -1.8998385020977362e-01
    1.5694569677091172e-01 -1.7631221466061233e+00
    -1.5311640483317876e+02 1.6980224558533243e+02
    5.2454645514061281e+02 1.7626100651263293e-01 1.4037423776458141e-01
    1.3744022640011673e+00 -3.5398058374474251e+00
    -1.9433533487696917e+02 4.7460072173958616e+02
    1.8445969864736003e-01 1.3512418157428524e-01 1.3608945911782140e+00
    -1.1265923995929533e+01 -2.0113482987630067e+02
    4.7123234088178100e+02 1.9236403832641799e-01 1.3999070095476401e-01
    1.3694429655704037e+00 -4.4456217889110521e+00
    -2.0718940784377651e+02 4.6941401749103636e+02
    1.7242274229257873e-01 1.2785135270217743e-01 1.4205335493638078e+00
    -4.0211109875025306e+00 -2.0484018067018474e+02
    4.6960676398837660e+02 1.4342435178352539e-01 1.2513665261017895e-01
    1.4510346634360107e+00 1.8266438695449899e-01
    -1.9621050890538527e+02 4.7324688278850721e+02
    1.0699074179832085e-01 1.2577462991966665e-01 1.5040872657732050e+00
    6.9515871998350445e+00 -1.8709534647610926e+02
    4.7678997052532833e+02 6.7180734718039467e-02 1.2171690895295270e-01
    1.5552503807664280e+00 1.1654662123455735e+01
    -1.7860543916814328e+02 4.7974790499909437e+02
    4.4682556825831034e-02 1.0575879744160264e-01 1.5874190043834941e+00
    2.7104234584098112e+01 -1.8041140016351986e+02
    4.7707528438713126e+02 -4.0567609858698651e-02
    9.1842601394772863e-02 2.8048758211726043e-02
    -2.4987219670160246e+02 -1.8262512634253321e+02
    5.0308867399419819e+02 7.6710238099357980e-02
    -3.9013932681788610e-01 2.8614610598675982e-01
    3.7868473958822122e+01 -2.4516760239909181e+02
    3.8608034441862861e+02 7.2529245030607536e-02
    -3.8067660594499814e-01 2.7044621922271461e-01
    3.6702934200932546e+01 -2.3620310471508887e+02
    3.9020074239135687e+02</data></extrinsic_parameters>
